chrX    7970000    8670000   3  2   7   7   RPS6KA6   4
chrX    7970000    8670000   3  2   7   7     SATL1   3
chrX    7970000    8670000   3  2   7   7   SH3BGRL   4
chrX    7970000    8670000   3  2   7   7      VCX2   1
chrX   86580000   86980000   1  1   1   5     KLHL4   2
chrX   87370000   88620000   4  4  11  11    CPXCR1   2
chrX   87370000   88620000   4  4  11  11     FAM9A   2
chrX   89050000   91020000  11  6  10  13     FAM9B   3
chrX   89050000   91020000  11  6  10  13    PABPC5   2


===================================================================================



chrX    7970000 8670000 RPS6KA6,SATL1,SH3BGRL,VCX2  4
chrX    86580000    86980000    KLHL4   1
chrX    87370000    88620000    CPXCR1,FAM9A    2
chrX    89050000    91020000    FAM9B,PABPC5    2